[gd_scene load_steps=5 format=3 uid="uid://dgixv1ydirgkn"]

[ext_resource type="PackedScene" uid="uid://l06gj5tj0yvu" path="res://Meshes/MechanicalArachnid.glb" id="1_i2uhj"]
[ext_resource type="Script" uid="uid://mc2ijaj7xf1r" path="res://Scripts/setup_ik.gd" id="2_l0n85"]
[ext_resource type="Script" uid="uid://df7j0ab7lmhoy" path="res://addons/libik/script/pole_bone_constraint.gd" id="3_2d012"]
[ext_resource type="Script" uid="uid://ppagnhmcok57" path="res://Scripts/foot_constraint.gd" id="4_frr67"]

[node name="MechanicalArachnid" node_paths=PackedStringArray("skeleton", "godot_ik", "foot_container") instance=ExtResource("1_i2uhj")]
script = ExtResource("2_l0n85")
skeleton = NodePath("EDGE_ARM_LegsEdges_001/Skeleton3D")
chain_length = 3
godot_ik = NodePath("EDGE_ARM_LegsEdges_001/Skeleton3D/@GodotIK@35344")
foot_container = NodePath("FootContainer")

[node name="@GodotIK@35344" type="GodotIK" parent="EDGE_ARM_LegsEdges_001/Skeleton3D" index="1"]

[node name="ik_e2_2-3" type="GodotIKEffector" parent="EDGE_ARM_LegsEdges_001/Skeleton3D/@GodotIK@35344" index="0"]
bone_name = "e2_2-3"
bone_idx = 3
chain_length = 3
transform_mode = 3
transform = Transform3D(0.614802, 0.291926, 0.732665, -3.69037e-08, -0.928975, 0.370144, 0.788682, -0.227565, -0.571135, -3.62985, 2.61946, 3.27531)

[node name="pole_e2_2-3" type="GodotIKConstraint" parent="EDGE_ARM_LegsEdges_001/Skeleton3D/@GodotIK@35344/ik_e2_2-3" index="0"]
bone_name = "e2_2-3"
bone_idx = 2
script = ExtResource("3_2d012")
pole_direction = Vector3(0, 1, 0)

[node name="ik_e5_6-7" type="GodotIKEffector" parent="EDGE_ARM_LegsEdges_001/Skeleton3D/@GodotIK@35344" index="1"]
bone_name = "e5_6-7"
bone_idx = 7
chain_length = 3
transform_mode = 3
transform = Transform3D(0.22681, 0.360497, 0.904765, 1.08383e-07, -0.928975, 0.370143, 0.973939, -0.0839521, -0.210701, -4.45969, 2.61946, 1.16129)

[node name="pole_e5_6-7" type="GodotIKConstraint" parent="EDGE_ARM_LegsEdges_001/Skeleton3D/@GodotIK@35344/ik_e5_6-7" index="0"]
bone_name = "e5_6-7"
bone_idx = 6
script = ExtResource("3_2d012")
pole_direction = Vector3(0, 1, 0)

[node name="ik_e8_10-11" type="GodotIKEffector" parent="EDGE_ARM_LegsEdges_001/Skeleton3D/@GodotIK@35344" index="2"]
bone_name = "e8_10-11"
bone_idx = 11
chain_length = 3
transform_mode = 3
transform = Transform3D(-0.203109, 0.362428, 0.909611, -7.41566e-08, -0.928975, 0.370144, 0.979156, 0.0751795, 0.188683, -4.46513, 2.61946, -1.13659)

[node name="pole_e8_10-11" type="GodotIKConstraint" parent="EDGE_ARM_LegsEdges_001/Skeleton3D/@GodotIK@35344/ik_e8_10-11" index="0"]
bone_name = "e8_10-11"
bone_idx = 10
script = ExtResource("3_2d012")
pole_direction = Vector3(0, 1, 0)

[node name="ik_e11_14-15" type="GodotIKEffector" parent="EDGE_ARM_LegsEdges_001/Skeleton3D/@GodotIK@35344" index="3"]
bone_name = "e11_14-15"
bone_idx = 15
chain_length = 3
transform_mode = 3
transform = Transform3D(-0.595482, 0.297362, 0.746309, 1.28755e-07, -0.928975, 0.370144, 0.803368, 0.220414, 0.553188, -3.64515, 2.61946, -3.25518)

[node name="pole_e11_14-15" type="GodotIKConstraint" parent="EDGE_ARM_LegsEdges_001/Skeleton3D/@GodotIK@35344/ik_e11_14-15" index="0"]
bone_name = "e11_14-15"
bone_idx = 14
script = ExtResource("3_2d012")
pole_direction = Vector3(0, 1, 0)

[node name="ik_e14_18-19" type="GodotIKEffector" parent="EDGE_ARM_LegsEdges_001/Skeleton3D/@GodotIK@35344" index="4"]
bone_name = "e14_18-19"
bone_idx = 19
chain_length = 3
transform_mode = 3
transform = Transform3D(0.595482, -0.297362, -0.746309, 5.73928e-08, -0.928975, 0.370144, -0.803369, -0.220414, -0.553188, 3.64515, 2.61946, 3.25518)

[node name="pole_e14_18-19" type="GodotIKConstraint" parent="EDGE_ARM_LegsEdges_001/Skeleton3D/@GodotIK@35344/ik_e14_18-19" index="0"]
bone_name = "e14_18-19"
bone_idx = 18
script = ExtResource("3_2d012")
pole_direction = Vector3(0, 1, 0)

[node name="ik_e17_22-23" type="GodotIKEffector" parent="EDGE_ARM_LegsEdges_001/Skeleton3D/@GodotIK@35344" index="5"]
bone_name = "e17_22-23"
bone_idx = 23
chain_length = 3
transform_mode = 3
transform = Transform3D(0.20311, -0.362428, -0.909611, 3.5041e-08, -0.928975, 0.370144, -0.979156, -0.0751797, -0.188684, 4.46513, 2.61946, 1.13659)

[node name="pole_e17_22-23" type="GodotIKConstraint" parent="EDGE_ARM_LegsEdges_001/Skeleton3D/@GodotIK@35344/ik_e17_22-23" index="0"]
bone_name = "e17_22-23"
bone_idx = 22
script = ExtResource("3_2d012")
pole_direction = Vector3(0, 1, 0)

[node name="ik_e20_26-27" type="GodotIKEffector" parent="EDGE_ARM_LegsEdges_001/Skeleton3D/@GodotIK@35344" index="6"]
bone_name = "e20_26-27"
bone_idx = 27
chain_length = 3
transform_mode = 3
transform = Transform3D(-0.22681, -0.360497, -0.904765, -2.98023e-08, -0.928975, 0.370144, -0.973939, 0.0839522, 0.210701, 4.45969, 2.61946, -1.16129)

[node name="pole_e20_26-27" type="GodotIKConstraint" parent="EDGE_ARM_LegsEdges_001/Skeleton3D/@GodotIK@35344/ik_e20_26-27" index="0"]
bone_name = "e20_26-27"
bone_idx = 26
script = ExtResource("3_2d012")
pole_direction = Vector3(0, 1, 0)

[node name="ik_e23_30-31" type="GodotIKEffector" parent="EDGE_ARM_LegsEdges_001/Skeleton3D/@GodotIK@35344" index="7"]
bone_name = "e23_30-31"
bone_idx = 31
chain_length = 3
transform_mode = 3
transform = Transform3D(-0.614802, -0.291926, -0.732665, -4.10946e-08, -0.928975, 0.370144, -0.788682, 0.227565, 0.571135, 3.62985, 2.61946, -3.27531)

[node name="pole_e23_30-31" type="GodotIKConstraint" parent="EDGE_ARM_LegsEdges_001/Skeleton3D/@GodotIK@35344/ik_e23_30-31" index="0"]
bone_name = "e23_30-31"
bone_idx = 30
script = ExtResource("3_2d012")
pole_direction = Vector3(0, 1, 0)

[node name="FootContainer" type="Node3D" parent="." index="1"]

[node name="foot_target_e2_2-3_leaf" type="Node3D" parent="FootContainer" index="0" node_paths=PackedStringArray("ik_effector")]
transform = Transform3D(1, 0, 0, 0, 1, 0, 0, 0, 1, -2.80807, 0.00437069, 2.63471)
script = ExtResource("4_frr67")
ik_effector = NodePath("../../EDGE_ARM_LegsEdges_001/Skeleton3D/@GodotIK@35344/ik_e2_2-3")
initialized = true
offset = Vector3(-0.82178, 2.61509, 0.640602)

[node name="foot_target_e5_6-7_leaf" type="Node3D" parent="FootContainer" index="1" node_paths=PackedStringArray("ik_effector")]
transform = Transform3D(1, 0, 0, 0, 1, 0, 0, 0, 1, -3.44488, 0.00437069, 0.924962)
script = ExtResource("4_frr67")
ik_effector = NodePath("../../EDGE_ARM_LegsEdges_001/Skeleton3D/@GodotIK@35344/ik_e5_6-7")
initialized = true
offset = Vector3(-1.01481, 2.61509, 0.236328)

[node name="foot_target_e8_10-11_leaf" type="Node3D" parent="FootContainer" index="2" node_paths=PackedStringArray("ik_effector")]
transform = Transform3D(1, 0, 0, 0, 1, 0, 0, 0, 1, -3.44488, 0.00436974, -0.924961)
script = ExtResource("4_frr67")
ik_effector = NodePath("../../EDGE_ARM_LegsEdges_001/Skeleton3D/@GodotIK@35344/ik_e8_10-11")
initialized = true
offset = Vector3(-1.02025, 2.61509, -0.211633)

[node name="foot_target_e11_14-15_leaf" type="Node3D" parent="FootContainer" index="3" node_paths=PackedStringArray("ik_effector")]
transform = Transform3D(1, 0, 0, 0, 1, 0, 0, 0, 1, -2.80807, 0.00437164, -2.63471)
script = ExtResource("4_frr67")
ik_effector = NodePath("../../EDGE_ARM_LegsEdges_001/Skeleton3D/@GodotIK@35344/ik_e11_14-15")
initialized = true
offset = Vector3(-0.837083, 2.61509, -0.620473)

[node name="foot_target_e14_18-19_leaf" type="Node3D" parent="FootContainer" index="4" node_paths=PackedStringArray("ik_effector")]
transform = Transform3D(1, 0, 0, 0, 1, 0, 0, 0, 1, 2.80807, 0.0043695, 2.63471)
script = ExtResource("4_frr67")
ik_effector = NodePath("../../EDGE_ARM_LegsEdges_001/Skeleton3D/@GodotIK@35344/ik_e14_18-19")
initialized = true
offset = Vector3(0.837083, 2.61509, 0.620473)

[node name="foot_target_e17_22-23_leaf" type="Node3D" parent="FootContainer" index="5" node_paths=PackedStringArray("ik_effector")]
transform = Transform3D(1, 0, 0, 0, 1, 0, 0, 0, 1, 3.44488, 0.00437212, 0.924961)
script = ExtResource("4_frr67")
ik_effector = NodePath("../../EDGE_ARM_LegsEdges_001/Skeleton3D/@GodotIK@35344/ik_e17_22-23")
initialized = true
offset = Vector3(1.02025, 2.61509, 0.211633)

[node name="foot_target_e20_26-27_leaf" type="Node3D" parent="FootContainer" index="6" node_paths=PackedStringArray("ik_effector")]
transform = Transform3D(1, 0, 0, 0, 1, 0, 0, 0, 1, 3.44488, 0.00437117, -0.924962)
script = ExtResource("4_frr67")
ik_effector = NodePath("../../EDGE_ARM_LegsEdges_001/Skeleton3D/@GodotIK@35344/ik_e20_26-27")
initialized = true
offset = Vector3(1.01481, 2.61509, -0.236328)

[node name="foot_target_e23_30-31_leaf" type="Node3D" parent="FootContainer" index="7" node_paths=PackedStringArray("ik_effector")]
transform = Transform3D(1, 0, 0, 0, 1, 0, 0, 0, 1, 2.80807, 0.00437045, -2.63471)
script = ExtResource("4_frr67")
ik_effector = NodePath("../../EDGE_ARM_LegsEdges_001/Skeleton3D/@GodotIK@35344/ik_e23_30-31")
initialized = true
offset = Vector3(0.82178, 2.61509, -0.640603)
