[gd_scene load_steps=5 format=3 uid="uid://dgixv1ydirgkn"]

[ext_resource type="PackedScene" uid="uid://fcylmkur2f71" path="res://Meshes/MechanicalArachnid.glb" id="1_i2uhj"]
[ext_resource type="Script" uid="uid://mc2ijaj7xf1r" path="res://Scripts/setup_ik.gd" id="2_l0n85"]
[ext_resource type="Script" uid="uid://df7j0ab7lmhoy" path="res://addons/libik/script/pole_bone_constraint.gd" id="3_2d012"]
[ext_resource type="Script" uid="uid://ppagnhmcok57" path="res://Scripts/foot_constraint.gd" id="4_frr67"]

[node name="MechanicalArachnid" node_paths=PackedStringArray("skeleton", "godot_ik", "foot_container") instance=ExtResource("1_i2uhj")]
script = ExtResource("2_l0n85")
skeleton = NodePath("EDGE_ARM_LegsEdges_004/Skeleton3D")
chain_length = 3
godot_ik = NodePath("EDGE_ARM_LegsEdges_004/Skeleton3D/@GodotIK@28232")
foot_container = NodePath("FootContainer")

[node name="@GodotIK@28232" type="GodotIK" parent="EDGE_ARM_LegsEdges_004/Skeleton3D" index="1"]

[node name="ik_e2_2-3" type="GodotIKEffector" parent="EDGE_ARM_LegsEdges_004/Skeleton3D/@GodotIK@28232" index="0"]
bone_name = "e2_2-3"
bone_idx = 3
chain_length = 3
transform_mode = 3
transform = Transform3D(0.852877, 0.152593, 0.499315, 5.58794e-09, -0.956338, 0.292261, 0.522111, -0.249263, -0.81564, -2.68467, 1.93124, 4.20453)

[node name="pole_e2_2-3" type="GodotIKConstraint" parent="EDGE_ARM_LegsEdges_004/Skeleton3D/@GodotIK@28232/ik_e2_2-3" index="0"]
bone_name = "e2_2-3"
bone_idx = 2
script = ExtResource("3_2d012")
pole_direction = Vector3(0, 1, 0)

[node name="ik_e5_6-7" type="GodotIKEffector" parent="EDGE_ARM_LegsEdges_004/Skeleton3D/@GodotIK@28232" index="1"]
bone_name = "e5_6-7"
bone_idx = 7
chain_length = 3
transform_mode = 3
transform = Transform3D(0.347408, 0.274057, 0.896772, 1.39698e-09, -0.956338, 0.292261, 0.937714, -0.101534, -0.33224, -4.70981, 1.93125, 1.64417)

[node name="pole_e5_6-7" type="GodotIKConstraint" parent="EDGE_ARM_LegsEdges_004/Skeleton3D/@GodotIK@28232/ik_e5_6-7" index="0"]
bone_name = "e5_6-7"
bone_idx = 6
script = ExtResource("3_2d012")
pole_direction = Vector3(0, 1, 0)

[node name="ik_e8_10-11" type="GodotIKEffector" parent="EDGE_ARM_LegsEdges_004/Skeleton3D/@GodotIK@28232" index="2"]
bone_name = "e8_10-11"
bone_idx = 11
chain_length = 3
transform_mode = 3
transform = Transform3D(-0.30683, 0.278164, 0.910209, -9.96515e-08, -0.956339, 0.292261, 0.951764, 0.0896744, 0.293434, -4.71808, 1.93125, -1.62027)

[node name="pole_e8_10-11" type="GodotIKConstraint" parent="EDGE_ARM_LegsEdges_004/Skeleton3D/@GodotIK@28232/ik_e8_10-11" index="0"]
bone_name = "e8_10-11"
bone_idx = 10
script = ExtResource("3_2d012")
pole_direction = Vector3(0, 1, 0)

[node name="ik_e11_14-15" type="GodotIKEffector" parent="EDGE_ARM_LegsEdges_004/Skeleton3D/@GodotIK@28232" index="3"]
bone_name = "e11_14-15"
bone_idx = 15
chain_length = 3
transform_mode = 3
transform = Transform3D(-0.829676, 0.163153, 0.533871, -2.28174e-08, -0.956339, 0.29226, 0.558245, 0.242482, 0.793452, -2.70595, 1.93125, -4.19087)

[node name="pole_e11_14-15" type="GodotIKConstraint" parent="EDGE_ARM_LegsEdges_004/Skeleton3D/@GodotIK@28232/ik_e11_14-15" index="0"]
bone_name = "e11_14-15"
bone_idx = 14
script = ExtResource("3_2d012")
pole_direction = Vector3(0, 1, 0)

[node name="ik_e14_18-19" type="GodotIKEffector" parent="EDGE_ARM_LegsEdges_004/Skeleton3D/@GodotIK@28232" index="4"]
bone_name = "e14_18-19"
bone_idx = 19
chain_length = 3
transform_mode = 3
transform = Transform3D(0.829676, -0.163153, -0.533871, -4.65661e-09, -0.956339, 0.292261, -0.558245, -0.242482, -0.793452, 2.70595, 1.93124, 4.19087)

[node name="pole_e14_18-19" type="GodotIKConstraint" parent="EDGE_ARM_LegsEdges_004/Skeleton3D/@GodotIK@28232/ik_e14_18-19" index="0"]
bone_name = "e14_18-19"
bone_idx = 18
script = ExtResource("3_2d012")
pole_direction = Vector3(0, 1, 0)

[node name="ik_e17_22-23" type="GodotIKEffector" parent="EDGE_ARM_LegsEdges_004/Skeleton3D/@GodotIK@28232" index="5"]
bone_name = "e17_22-23"
bone_idx = 23
chain_length = 3
transform_mode = 3
transform = Transform3D(0.30683, -0.278163, -0.910209, 7.17118e-08, -0.956338, 0.292261, -0.951764, -0.0896745, -0.293433, 4.71808, 1.93124, 1.62027)

[node name="pole_e17_22-23" type="GodotIKConstraint" parent="EDGE_ARM_LegsEdges_004/Skeleton3D/@GodotIK@28232/ik_e17_22-23" index="0"]
bone_name = "e17_22-23"
bone_idx = 22
script = ExtResource("3_2d012")
pole_direction = Vector3(0, 1, 0)

[node name="ik_e20_26-27" type="GodotIKEffector" parent="EDGE_ARM_LegsEdges_004/Skeleton3D/@GodotIK@28232" index="6"]
bone_name = "e20_26-27"
bone_idx = 27
chain_length = 3
transform_mode = 3
transform = Transform3D(-0.347408, -0.274057, -0.896772, 6.51926e-08, -0.956338, 0.292261, -0.937714, 0.101534, 0.33224, 4.70981, 1.93124, -1.64417)

[node name="pole_e20_26-27" type="GodotIKConstraint" parent="EDGE_ARM_LegsEdges_004/Skeleton3D/@GodotIK@28232/ik_e20_26-27" index="0"]
bone_name = "e20_26-27"
bone_idx = 26
script = ExtResource("3_2d012")
pole_direction = Vector3(0, 1, 0)

[node name="ik_e23_30-31" type="GodotIKEffector" parent="EDGE_ARM_LegsEdges_004/Skeleton3D/@GodotIK@28232" index="7"]
bone_name = "e23_30-31"
bone_idx = 31
chain_length = 3
transform_mode = 3
transform = Transform3D(-0.852878, -0.152592, -0.499314, 3.07336e-08, -0.956339, 0.292261, -0.522111, 0.249263, 0.81564, 2.68467, 1.93124, -4.20453)

[node name="pole_e23_30-31" type="GodotIKConstraint" parent="EDGE_ARM_LegsEdges_004/Skeleton3D/@GodotIK@28232/ik_e23_30-31" index="0"]
bone_name = "e23_30-31"
bone_idx = 30
script = ExtResource("3_2d012")
pole_direction = Vector3(0, 1, 0)

[node name="FootContainer" type="Node3D" parent="." index="1"]

[node name="foot_target_e2_2-3_leaf" type="Node3D" parent="FootContainer" index="0" node_paths=PackedStringArray("ik_effector")]
transform = Transform3D(1, 0, 0, 0, 1, 0, 0, 0, 1, -2.37722, 0.00437033, 3.70231)
script = ExtResource("4_frr67")
ik_effector = NodePath("../../EDGE_ARM_LegsEdges_004/Skeleton3D/@GodotIK@28232/ik_e2_2-3")
initialized = true
offset = Vector3(-0.30745, 1.92687, 0.502225)

[node name="foot_target_e5_6-7_leaf" type="Node3D" parent="FootContainer" index="1" node_paths=PackedStringArray("ik_effector")]
transform = Transform3D(1, 0, 0, 0, 1, 0, 0, 0, 1, -4.15762, 0.00437164, 1.43959)
script = ExtResource("4_frr67")
ik_effector = NodePath("../../EDGE_ARM_LegsEdges_004/Skeleton3D/@GodotIK@28232/ik_e5_6-7")
initialized = true
offset = Vector3(-0.552183, 1.92687, 0.204575)

[node name="foot_target_e8_10-11_leaf" type="Node3D" parent="FootContainer" index="2" node_paths=PackedStringArray("ik_effector")]
transform = Transform3D(1, 0, 0, 0, 1, 0, 0, 0, 1, -4.15763, 0.00437069, -1.43959)
script = ExtResource("4_frr67")
ik_effector = NodePath("../../EDGE_ARM_LegsEdges_004/Skeleton3D/@GodotIK@28232/ik_e8_10-11")
initialized = true
offset = Vector3(-0.560456, 1.92688, -0.18068)

[node name="foot_target_e11_14-15_leaf" type="Node3D" parent="FootContainer" index="3" node_paths=PackedStringArray("ik_effector")]
transform = Transform3D(1, 0, 0, 0, 1, 0, 0, 0, 1, -2.37722, 0.00436985, -3.70231)
script = ExtResource("4_frr67")
ik_effector = NodePath("../../EDGE_ARM_LegsEdges_004/Skeleton3D/@GodotIK@28232/ik_e11_14-15")
initialized = true
offset = Vector3(-0.328728, 1.92688, -0.488562)

[node name="foot_target_e14_18-19_leaf" type="Node3D" parent="FootContainer" index="4" node_paths=PackedStringArray("ik_effector")]
transform = Transform3D(1, 0, 0, 0, 1, 0, 0, 0, 1, 2.37722, 0.0043695, 3.70231)
script = ExtResource("4_frr67")
ik_effector = NodePath("../../EDGE_ARM_LegsEdges_004/Skeleton3D/@GodotIK@28232/ik_e14_18-19")
initialized = true
offset = Vector3(0.328728, 1.92687, 0.488563)

[node name="foot_target_e17_22-23_leaf" type="Node3D" parent="FootContainer" index="5" node_paths=PackedStringArray("ik_effector")]
transform = Transform3D(1, 0, 0, 0, 1, 0, 0, 0, 1, 4.15762, 0.00437069, 1.43959)
script = ExtResource("4_frr67")
ik_effector = NodePath("../../EDGE_ARM_LegsEdges_004/Skeleton3D/@GodotIK@28232/ik_e17_22-23")
initialized = true
offset = Vector3(0.560456, 1.92687, 0.18068)

[node name="foot_target_e20_26-27_leaf" type="Node3D" parent="FootContainer" index="6" node_paths=PackedStringArray("ik_effector")]
transform = Transform3D(1, 0, 0, 0, 1, 0, 0, 0, 1, 4.15762, 0.00437129, -1.43959)
script = ExtResource("4_frr67")
ik_effector = NodePath("../../EDGE_ARM_LegsEdges_004/Skeleton3D/@GodotIK@28232/ik_e20_26-27")
initialized = true
offset = Vector3(0.552182, 1.92687, -0.204574)

[node name="foot_target_e23_30-31_leaf" type="Node3D" parent="FootContainer" index="7" node_paths=PackedStringArray("ik_effector")]
transform = Transform3D(1, 0, 0, 0, 1, 0, 0, 0, 1, 2.37722, 0.00437117, -3.70231)
script = ExtResource("4_frr67")
ik_effector = NodePath("../../EDGE_ARM_LegsEdges_004/Skeleton3D/@GodotIK@28232/ik_e23_30-31")
initialized = true
offset = Vector3(0.30745, 1.92687, -0.502225)
