[gd_scene load_steps=4 format=3 uid="uid://du6kxaldswwyq"]

[ext_resource type="PackedScene" uid="uid://dgixv1ydirgkn" path="res://Prefabs/mechanical_arachnid_rig.tscn" id="1_i2uhj"]
[ext_resource type="Script" uid="uid://d0cb6qh74duvu" path="res://Scripts/ProceduralWalk.cs" id="1_l0n85"]

[sub_resource type="CylinderShape3D" id="CylinderShape3D_i2uhj"]
height = 2.39063
radius = 3.25

[node name="MechanicalArachnid" type="CharacterBody3D" node_paths=PackedStringArray("footContainer", "skeleton")]
collision_layer = 2
script = ExtResource("1_l0n85")
footContainer = NodePath("MechanicalArachnidRig/FootContainer")
skeleton = NodePath("MechanicalArachnidRig/EDGE_ARM_LegsEdges_001/Skeleton3D")
raycastDistance = 50.0
raycastHeight = 5.0
raycastForwardOffset = 2.0
strideDistance = 5.0
cycleRate = 0.6
footSpeed = 0.2
forwardDifferential = 0.5
moveSpeed = 2.0
factorMaxRotation = 0.03
maxRotation = 0.03

[node name="MechanicalArachnidRig" parent="." instance=ExtResource("1_i2uhj")]

[node name="ik_e2_2-3" parent="MechanicalArachnidRig/EDGE_ARM_LegsEdges_001/Skeleton3D/@GodotIK@35344" index="0"]
transform = Transform3D(0.614802, 0.291926, 0.732665, -3.69037e-08, -0.928975, 0.370144, 0.788682, -0.227565, -0.571135, -3.62985, 2.61946, 3.27531)

[node name="ik_e5_6-7" parent="MechanicalArachnidRig/EDGE_ARM_LegsEdges_001/Skeleton3D/@GodotIK@35344" index="1"]
transform = Transform3D(0.22681, 0.360497, 0.904765, 1.08383e-07, -0.928975, 0.370143, 0.973939, -0.0839521, -0.210701, -4.45969, 2.61946, 1.16129)

[node name="ik_e8_10-11" parent="MechanicalArachnidRig/EDGE_ARM_LegsEdges_001/Skeleton3D/@GodotIK@35344" index="2"]
transform = Transform3D(-0.203109, 0.362428, 0.909611, -7.41566e-08, -0.928975, 0.370144, 0.979156, 0.0751795, 0.188683, -4.46513, 2.61946, -1.13659)

[node name="ik_e11_14-15" parent="MechanicalArachnidRig/EDGE_ARM_LegsEdges_001/Skeleton3D/@GodotIK@35344" index="3"]
transform = Transform3D(-0.595482, 0.297362, 0.746309, 1.28755e-07, -0.928975, 0.370144, 0.803368, 0.220414, 0.553188, -3.64515, 2.61946, -3.25518)

[node name="ik_e14_18-19" parent="MechanicalArachnidRig/EDGE_ARM_LegsEdges_001/Skeleton3D/@GodotIK@35344" index="4"]
transform = Transform3D(0.595482, -0.297362, -0.746309, 5.73928e-08, -0.928975, 0.370144, -0.803369, -0.220414, -0.553188, 3.64515, 2.61946, 3.25518)

[node name="ik_e17_22-23" parent="MechanicalArachnidRig/EDGE_ARM_LegsEdges_001/Skeleton3D/@GodotIK@35344" index="5"]
transform = Transform3D(0.20311, -0.362428, -0.909611, 3.5041e-08, -0.928975, 0.370144, -0.979156, -0.0751797, -0.188684, 4.46513, 2.61946, 1.13659)

[node name="ik_e20_26-27" parent="MechanicalArachnidRig/EDGE_ARM_LegsEdges_001/Skeleton3D/@GodotIK@35344" index="6"]
transform = Transform3D(-0.22681, -0.360497, -0.904765, -2.98023e-08, -0.928975, 0.370144, -0.973939, 0.0839522, 0.210701, 4.45969, 2.61946, -1.16129)

[node name="ik_e23_30-31" parent="MechanicalArachnidRig/EDGE_ARM_LegsEdges_001/Skeleton3D/@GodotIK@35344" index="7"]
transform = Transform3D(-0.614802, -0.291926, -0.732665, -4.10946e-08, -0.928975, 0.370144, -0.788682, 0.227565, 0.571135, 3.62985, 2.61946, -3.27531)

[node name="CollisionShape3D" type="CollisionShape3D" parent="."]
transform = Transform3D(1, 0, 0, 0, 1, 0, 0, 0, 1, 0, 2.80469, -0.829)
shape = SubResource("CylinderShape3D_i2uhj")

[editable path="MechanicalArachnidRig"]
